1000 2000 011
5 534 533 539 0 164 163 327 326 509 0
5 962 1 256 255
5 329 2 564 2 475 474 340 339 944 943
3 494 493 949 948 962 3 902 3 500 499 565 3 219 218
2 313 312 319 318 590 589 272 4 358 357
1 341 5 188 5
1 585 584 591 590 954 6 241 6 695 6 316 6 213 212 936 6 445 6
3 111 7
9 251 8 322 321 76 75 866 865
7 167 9 350 349 459 9 357 9 346 345 61 60
1 145 10 790 10
4 164 163 904 11 676 675
8 236 235 323 322
2 738 737 361 13 208 207 747 746
2 414 14
10 203 202 222 15 362 361 239 238
4 76 75 411 16 901 900
7 667 17 871 870 804 803 805 804
1 25 18 458 457
9 49 19 86 19 826 19 953 952 626 19 870 19 66 65 540 539 492 491
10 632 631 634 20 329 20 862 20 900 899 517 20
6 653 21 85 21 77 21 770 21 60 59 459 21 446 21 677 21
7 291 22 633 22 233 232 32 22 954 953 141 140 138 22 527 22 604 22
2 447 23 685 23 639 23 571 570 779 778
10 76 75 715 714 19 18 69 24 548 547 875 24 322 321
3 441 440 710 25
8 137 136 673 26
4 366 27 847 846 108 27 672 671 177 176
1 813 28 121 120 160 28 86 85
10 238 29 307 306
5 630 629 280 30 941 940 35 30
5 23 22 550 31 760 759
6 460 459
9 746 33 52 33
9 553 34 124 123 31 30
10 67 66 599 35 376 375 563 562
2 57 56
10 121 37
2 363 38
10 707 706 380 379 184 39
8 875 40 952 40 97 40 102 101 872 40
2 444 443 855 854 349 41 672 41
5 983 982 695 42 620 619
6 866 865 403 402 928 927 608 607 559 558 599 43 655 43 790 789 905 43
5 174 44
7 858 45 717 716 459 45
7 424 423 770 769 256 255 743 46 111 46
9 133 47 975 47 228 227 556 555
3 410 48 20 19 770 48 695 48 179 48 822 821 985 984
9 712 49
7 72 50 756 50 255 254
5 260 259 34 33
4 774 773 821 820
5 476 53 460 459
8 931 54 779 54 880 54
5 825 824 525 524 987 986 878 877 704 55
8 156 155 37 56 528 527
6 483 57
8 719 718 429 58 807 806 103 58
10 158 59 868 867 22 59
7 394 393 10 60 279 278 98 97 483 60
3 715 714 464 463 234 61
4 871 870
2 280 63 409 408
3 341 64 197 196 278 64 722 721
3 180 179 304 65 20 65 778 65 548 547 684 65 905 904 746 65 719 718 792 791
1 837 836 36 66
4 157 67 611 67 618 67 307 67
4 807 68 144 143 25 24 865 68
2 278 69 282 281 718 717 546 69
6 658 70 488 487 667 70 351 70 337 336 429 428 360 359 599 70
1 689 688 51 50
6 121 72
10 252 73 133 132
8 177 176 442 441 281 74 589 588 554 553 224 223
10 25 75 821 820 9 75 169 168 930 929 493 75 17 75
8 765 76 836 835 22 21 867 76 536 76 185 184
4 317 77 446 445 546 77 713 77 471 470 233 77
10 871 78 471 470 723 78 981 78 944 943
1 84 79 896 79
2 796 795 219 80
6 643 642 683 682 704 81 170 81
7 143 82 914 82 287 286 188 82
7 327 326 80 79 133 83 755 754 159 158 217 216 194 83
3 265 264 766 765 22 21 619 618 694 693
4 230 85 20 19 791 790 29 85
2 934 933 570 569 406 405
10 732 87 133 87 315 314 708 707 388 387 580 87
9 976 88 375 374 980 979
9 627 626 464 89 816 89 834 833 767 766 772 771
9 725 90 335 90 818 817 402 90
7 723 91 425 91 869 91 841 91
3 693 92 838 837 259 92
4 557 93 447 446 886 93 612 611
1 657 656 433 432 130 94 485 484 963 94 741 94
6 840 95 953 952
8 169 96 138 137 41 40 460 459
1 246 245 588 587 331 330 61 97 833 832
1 605 604 617 98 182 98
1 539 538
5 806 100 638 637 511 100
8 785 101 428 427 516 101 41 101
2 677 676 298 102 700 102 601 102 310 309 147 102 59 58 236 102
2 573 103 563 103 502 103 400 399 282 281 124 123 681 103
10 813 104 258 104 407 406
9 453 452 307 306 708 707
3 539 106 146 106
7 796 107 452 451 28 27 925 107
5 124 123 657 656 904 903 229 108
3 312 311 359 358 814 813 480 479
9 8 7 491 110 229 110 405 110 47 46
8
8 730 729 399 398 490 489
5 708 707 532 113 126 125 280 113
5 485 484 685 114 404 114 380 379
10 407 115 764 115 394 393 513 115
9 877 876 537 116 723 722 710 116 299 298 289 288
8 540 117 305 117 192 117 135 117
1 456 455 526 118 870 118
9 704 703 748 119 220 119 789 119 852 119 788 787 281 119
6 615 120 544 543 38 37 73 72 29 120 443 120
1 224 121 923 922
6 308 307 847 846
1 109 123 35 123 359 358 104 123 764 123
5 735 734 179 124
6 336 125 509 508 327 326 114 125
8 522 126 682 681
2 936 935 717 716 966 127 163 162 827 826
8 743 128 317 128 923 922
10 765 129 251 250 95 94 413 412 594 593
3 362 361
4 508 131 135 134 402 131 359 358
8 48 47 84 83 88 87 460 459 74 132
6
7 583 582 870 869 118 117 132 134
7 450 449 433 432 547 546 518 135 913 135
6 407 406 218 217 27 136 600 136
10 195 194 97 137 984 137 226 137 966 965 139 138 592 137 23 22
5 314 138 216 215 138 138 612 138 680 679
10 382 381 887 886 469 139 537 139 931 930
2 973 972 925 924 23 140 940 140 975 974
4 673 672 162 161
8 594 593 336 335 83 82 489 142 613 612 715 714 685 142 543 542 218 142
1 455 143 69 143 599 143 500 499 626 143
8 601 144 11 10 590 144
4 840 145 429 145 107 106
3 988 146 378 377 731 146 781 780 395 146 802 146 103 102 320 146
8 492 491 452 451 280 279 852 147
1 669 148
3 717 149 534 149 609 608 267 266 333 332 512 511
7 722 150 243 242
8 818 151 539 151 653 652 729 728
6 980 979 614 152 455 152 520 519
4 904 903 328 327 556 555 620 153 516 515
8 455 454 677 676 379 378 763 762 971 970
2 57 155 809 155 955 155 624 623
9 538 156 693 156 404 403 68 67
5 60 59 925 157 686 685 573 572
5 372 158 200 158 273 272 84 158
8 362 159 807 159 29 28 843 159
5 853 160 784 160 973 972 723 722
9 194 193 741 740 749 748 635 161 389 161 471 470 142 161 544 543
4 346 345 128 162 662 661
4 972 163 634 633 12 163 886 163 1 163
4 487 486 953 952 286 285
10 222 221 900 165
2 10 9 691 690 788 787 237 236
10 178 177 674 673 331 330
9 97 96 795 794 76 168 221 220 929 928
6 733 169 864 169 623 622 82 81
1 528 170 842 170
2 890 171 516 171 293 171
9 760 172 911 172 198 197
10 877 876 45 44 610 173 206 173
3 191 190 699 174 869 868
9 248 175 234 233 845 844 952 951
5 75 176 767 176 179 178 599 176 952 176 633 632 28 176
5 885 884 168 177 320 177 427 177
6 352 178 932 178 973 178 177 178 125 124 49 48 795 178 908 907
5 66 179 448 447 201 200 770 769
9 223 180 656 655
4 248 181 99 98
3 337 336
4 40 39
7 212 184 388 387 495 184 861 184 77 184 368 367
2 599 598
5 923 186 977 976 437 436 205 204 195 186 717 716 715 714 349 186
7 544 187 752 751 398 397 861 187 6 5 83 82
7 679 188 465 464 764 188 644 188 812 188
10 933 932 427 189 536 535 241 240 572 189 233 232
5 175 190 762 190 221 190 263 262 540 539 880 190 822 821 908 190 646 645 469 190
3 547 546 539 538 118 117 245 244
10 782 192 230 192 388 192
10 162 193 208 193 481 193 568 193 84 83
6 138 194 472 194 617 194 915 194 187 186 395 194 729 728
4 761 760 953 195 605 195
1 65 196 264 196
9 258 197 622 197 173 197 369 368
5 243 198 348 198 817 816 207 198
2 568 199 159 158 601 600 744 743 681 680
4 384 383 294 200 355 200 180 200
7 287 201 915 914 618 201 685 201 313 201
3 16 202 276 275 696 695 972 202 499 202
5 456 455
7 715 714 576 575 187 204 653 652
5 287 205 542 205 174 173
5 536 535 870 869 687 686 199 198
1 194 193 509 207 14 207
1 570 569 856 208
2 874 209 552 551 836 835 977 209
8 953 952 277 210
10 418 417 484 483 185 184 520 519 507 211
6 581 212 7 212
2 900 899 590 213 543 213 477 476
5 401 400 353 352 816 815 383 214
2 482 215 801 800 139 215 502 501
3 481 216 84 216 281 216
2 137 217 974 973 515 514 143 142 605 217
9 861 218 582 581 822 821 292 291 475 218 950 218 81 80 4 218 725 218 902 218
1 403 219 587 219 230 219 120 119 749 748 662 219 471 470
3 169 220 704 703 191 190 394 393 604 220 679 220
5 608 221 166 221 740 739 16 15 876 875
3 946 945 181 180 357 356 587 222 657 222 855 854
2 122 121 75 223 620 223
4 671 670 262 224 253 252
10 138 137 638 225
5 381 226 505 226
4 779 227 763 227 844 843 48 227 999 227
10 646 645 111 110 629 628 812 228 109 108 803 228
1 86 85 220 219 572 229 808 229 935 934 193 192 743 742 780 229
5 311 230 749 230 431 230 691 230 597 596
4 363 362
8 23 232 962 232 750 749 434 232 78 77 550 549 190 232
10 533 233 176 233 959 958 62 61
10
6 994 235 13 235 992 235 966 965 549 548 577 576 103 102
6 839 838 167 236
4 953 952 30 29 767 237 845 844 411 410 544 543 580 579
8 300 299 497 238 834 833 16 238
7 256 255 944 943 379 378
5 7 6 784 783 473 472 190 240 355 240 992 240
5 503 502 971 241 968 241
8 637 636 199 198 629 242 151 242 840 242 940 939
10 931 243 447 243 966 243 712 243 290 243 714 243 300 299
6 192 244 593 244 746 244
2 336 335 98 245 420 419 827 245 927 926
4 432 431
1 911 247 707 706 535 247 176 175 182 181 264 247
3 739 738 461 460 581 580
2 666 249 494 493 807 806
1 9 8 956 250 981 250 752 250 130 250 940 939
7 666 251 74 73 920 919
6 331 330 478 477 225 252
6 281 253 961 253 903 902
9 427 426 322 321 51 254
1 550 549 240 255 47 255 938 255 2 255
7 998 256 479 256 491 490 306 256
5 198 197 105 104 977 257 786 257 362 361
6 510 509 93 92
7 52 259
8 856 260 931 260
3 304 261 585 584 225 224 823 261 310 309 328 327
10 814 262 524 523 191 262
5 597 596 265 263 340 339 693 692 304 303 638 637 197 196 248 247
2 85 264 264 263
1 607 265
2 150 266
7 850 849 845 267 856 855 864 863 599 267
4
9 308 307 701 269
3 440 439
10 415 271 751 271 5 4 404 403 984 983
6 622 621 329 272 159 272 766 272 844 843 350 349 722 721
2 373 273 846 845 942 273 442 273 652 273 653 652
10 518 517 840 274 968 967 395 394 427 426
3 203 275 301 275 706 275
4 767 276 544 543 211 210
5 961 960 314 313 70 69 920 919 65 64
3 61 278 470 278
8 807 279 872 279 31 30 64 63 332 279 148 279 517 516 114 113
6 358 280 451 450 917 280 75 74 675 674 546 280 686 685 254 253 217 216 858 857 120 119
4 404 281 70 281 947 946 104 281 422 421
5
3 777 283 744 283 596 595 998 283
1 793 284 787 284 658 284 819 818 294 293
5 334 285 165 285 758 757 305 285
3 206 205 202 201 935 286 949 948 83 286 623 622
7 480 479 979 287 710 287
1 975 974 544 288 914 288 117 288
8 244 243
3 23 22 699 698 741 290
8 219 291 677 676
10 868 292 693 292 172 171
4 396 395 723 722 285 293 201 200
4 742 741 903 902 723 294 974 973 475 294
3 901 295 334 333 654 295 585 295 640 639
4 959 296 574 573
5 103 102 892 891 950 297 533 532
10 646 645 117 298 815 814
9 239 299 244 299
6 457 456 839 838 276 275 703 702
4 717 716 370 369
9 919 302 472 471 396 395
3 66 65 262 261 890 889 264 303
6 118 117 729 728 362 361 286 285 998 304
10 388 305 945 944 791 790 389 305 578 305 257 256
5 907 306 336 306 106 306 891 306 330 329 746 745 30 306 68 67
1 123 307 270 307 924 923 988 987 477 476 473 307 711 307 816 815 357 356 507 307
4 780 779
10 361 309 357 309 103 309 262 309 674 309 841 840
8 538 310 231 230
1 110 311 893 892 718 717
5 5 312 823 822 202 201 513 512
4 713 313 139 138 278 313 804 313
3 568 567 88 314 939 314
5 7 6 524 315 925 924
10 129 128 78 77 410 316
7 363 362 545 317 996 995 584 317
1 5 318 942 318 429 428 427 318
1 921 319 178 177 743 742 892 891 728 319 147 146
4 640 639
6 9 321 390 389 352 321 255 321 25 321 996 995 498 321
8 655 654 895 894 590 322 952 951 862 322 639 638 13 322
6
1 658 657 466 324 428 427 890 889
2 822 821
8 84 326 126 326 426 326 822 326 794 793 637 636 1 326 639 638
5 154 327 262 327 415 414
8 3 2 21 20 273 272
7 654 653 812 811 307 329 829 828
5 253 330 622 621 98 330 168 330 866 330
5 725 724 419 331 280 279 648 331
3 603 332 814 813 150 332 509 508 410 332
5 296 333 286 285 716 333
7 91 90 375 334 664 663
10 246 335 307 306 143 335 126 125 968 967
4 461 460 183 336 71 336 387 336 625 624
4 531 530
10 998 338 702 338 527 526 708 338
9 264 339 365 339 3 339 955 339 939 938
3 65 64 677 676 6 5 559 340 702 340 348 340
9 391 390 390 341 859 858
9 501 342 910 909 552 551 721 342 451 342
7 554 343 352 343 596 595
3 579 578 471 344 421 344 538 537
3 456 345 764 763 163 345 10 345
3 807 346
2 556 555 574 573 199 198 341 340 354 347
9 726 348 683 348 478 477 187 186 42 41
5 579 578 10 349 762 349 595 349 273 349 518 349
2 584 583 946 350 71 70 446 350
5 179 178 322 321 344 343 908 907
10 359 352 708 352 215 352 681 352
2 942 941 348 347
10 432 431 201 200 241 240
1 486 485 391 390
5 735 356 10 9 310 309 223 356 308 356 834 356
9 281 280 745 357 5 357
7 565 358 110 358 353 352 583 582 124 358 132 358
2 680 359 71 359 907 906
6 310 309 811 810 449 360 14 13 423 360 473 472
1 160 159 131 361 580 579 792 361 398 361 305 361 16 361 258 361
7 318 362 232 362 597 362 410 409 39 38 500 499 561 362 809 808 666 362 996 995
10 522 363
6 595 364 340 339 861 364 384 383 928 364
5 28 27 787 365 998 365 477 476 547 546
9 815 366 871 366
1 458 367 876 367 185 367 497 496
8 975 368 644 643 466 368 384 383 198 368
8 910 909 398 397 937 369 718 369 302 369
10 568 370 825 370 707 370 624 623 935 934
2 159 158 869 868
6 733 732 274 273 803 802
10
10 533 532 443 442 335 334 89 374 925 924 833 832
10 36 375 475 375
5 712 711 389 388 399 398 635 634
2 147 377 950 949 989 377
2 920 919 240 378 155 378 450 378
3 745 744 40 379 912 911 657 656 664 663 115 379
7 227 226 715 380 744 380 802 380
5 695 381 140 381 618 381
9 951 950 988 382 1000 382 702 701 215 214
6 806 805 201 383 569 383 703 383 365 383 809 808 369 383
8 968 967 658 657
8 520 519
8 742 386 983 982 337 336
2 306 305 185 387 953 952 720 387 88 387 193 192
7 663 662 799 388 306 305 881 388 752 388 162 161 377 388 865 388 417 388
4 951 389 322 389 864 389 342 341 635 634
4 342 390 772 771 356 390
4 794 391 643 391
7 763 392 637 392
2 116 393 61 393 558 557 511 393 221 393
5 939 938 408 394 488 487 768 394 147 146 275 394 195 194 439 438
4 617 395 478 395 894 893 294 395 486 395 997 395 303 395 607 395
6
3 370 397 362 361 188 397 954 953
4 113 398 837 398 808 807 861 398 899 398 377 398
6 104 399 431 399
2 215 400
5 996 995 804 803 948 947 772 401 91 90 869 868 425 401 132 131
7 220 219 44 402 964 402
7 157 403 282 281 624 623 115 114 967 403 272 403
7 753 404 111 110 495 494
7 688 687 619 405 832 405 816 815 87 405 889 405
7 116 115 137 406 683 682 897 406 105 406
1 395 394
10 772 771 806 805 64 408
10 49 48 363 409 317 316 333 332 808 409
5 745 410 17 16 238 410
6 884 411
6 540 539 912 911 130 412
4 15 14 968 967 636 635 900 899
4 272 271 555 414 846 845 328 414
4 736 415
1 672 671 600 599 389 388
3 212 417 697 696 451 417 423 417 867 417
7 762 761 332 331
9 691 690 246 419 601 600
7 590 420 614 613 873 420 345 344 576 420
10 448 421 282 421 624 421 880 421 772 421
4 418 417 426 425 361 360 896 895
5 761 423 615 423 47 423 638 423 990 989
3 850 424 978 424 92 91 654 653 572 424 995 994 402 401 905 424
8 578 425 327 326 423 425
8 612 426 255 426 190 189 576 426 178 177 775 426 275 426 319 318
1 102 427 967 966 325 427
10 695 428 59 58 71 428 961 428 146 145 319 428
1 898 429 797 429
6 231 230 987 430 400 399
1 355 431 247 431
8 500 432 95 432 502 501 456 432 536 535 136 432 924 432 586 585
4 233 232 473 433 697 696
10 856 855
4 455 435
2 187 436 574 436
8 476 475 538 437
4 855 438 395 438 549 548
2 271 439
9 26 440 613 440 877 876
8 75 441 895 441 274 273 545 544
7 989 988 375 442 606 605 540 539 121 120
6 42 443 582 443
3 745 744 7 6 941 940
2 351 350 78 445 787 445 22 21 508 445
1 745 446 94 446 24 23 244 243
6 422 421 852 447 180 447 978 447
5 361 360 920 919
8 136 449 379 378
4 529 528 281 450 418 417 343 342
3 148 451 856 451 108 451 799 798
9 843 452 106 452 615 614 992 991
8 811 453 771 770
7 144 143 436 435 155 454 153 152 496 495
2 346 345 119 455 433 432 998 455 204 455
7 717 716 301 456 503 456
6 368 367 999 457 823 457 19 457
2 10 9 46 45 22 21
7 133 459 33 459 54 459 97 459
8 890 460 337 460 249 460 766 765
9 469 468 861 860 576 575
9 802 462 627 462 897 896 766 765
5 90 89 641 640 62 463 652 651
2 189 464 660 659 822 464
8 800 465 325 324 837 836 582 581 369 368
8 766 765
4 573 572 769 768 584 583 816 467
7 476 475 462 468 976 975 140 139 891 890 641 468 191 190
3 568 469 808 469 279 278
5 79 470 345 344 220 470 78 470 162 470
5 195 194 303 471 842 471
3 963 962 241 472 491 472 434 433 308 307 361 472
3 494 473 552 473
1 768 474 933 932 3 474 952 474 295 294 219 218 376 375
7 469 475 438 475 864 863 54 53 914 475
5 366 476 308 476 214 476
3 631 477 396 395 253 477 349 477
2 257 256
1 288 479 821 479 110 479
10 628 480 217 216 194 193
6 216 215 542 541 802 481 748 481
3 521 482 58 57 61 60
9 212 483 777 776 773 772
5 115 484 720 719 95 484 789 484
1 356 485 396 395
10 729 728 165 486 710 486 506 486
1 395 487 71 487 529 487 829 828
6 799 488 863 862 143 142 627 626
3 763 489 113 489
9 559 490 562 561 111 110 473 472 257 490
5 148 491 705 704 628 627 20 491
1 835 834 827 492 76 75
10 4 493 250 493 542 493 823 493 474 473
10 689 688 542 541 773 494 579 578 185 184 535 534 682 681 405 494
4 638 637 694 693 519 518 455 495
7 239 238 622 621 815 496 368 496
9 661 660 586 497 322 321
7 203 202 884 883
6 433 432 363 499 144 499 4 499
4 953 500 343 342 545 544
3 433 501 104 103 216 501 727 501
2 862 861 242 502 620 619 457 456
8 659 503 802 801 586 585 944 503 797 503
8 227 226 862 861
2 999 505 487 486 575 505 532 531 929 505
4 928 927 967 506 212 211 308 307
4 132 131 722 507 544 543 446 445
5 208 207 917 508 126 508 333 508 1 0
6 259 509 734 509 720 509
4 394 393 675 510 101 100
6 839 511 150 511 996 511
3 594 593 958 957 116 115 313 512
8 594 593
4 218 514 555 554
7 102 101 172 171 154 515
8 21 20 775 516 280 516 521 516
5 275 517 136 135 684 517 350 349
9 496 518 972 518
5 386 519 988 519 153 519 212 519 702 701
9 483 482 517 516
10 127 126 937 521 364 363
9 1000 999
9 263 523 316 315 1000 523
9 56 524 929 524 774 773 616 524
10 794 525 540 539 119 118
3 339 526 23 22
7 740 739 171 170 57 527
1 451 528 488 487
1 685 529 971 529
2 338 530
4 626 625 833 832 535 534 114 113 922 531 506 531
4 755 532 375 532 234 233 298 532 772 532
4 150 149 624 533 1 533 779 533 583 582
1 248 247 532 534 495 534 582 581 913 912
1 433 535 207 535 825 824 190 535 77 76
7 941 940 982 981 117 116 725 536 140 139 978 536
6 157 156 916 915 311 310 836 537 345 537 438 437
4 100 538 107 106 192 538 152 151 557 538 881 538 927 538 675 674 821 820 1 0
3 118 117 858 539 685 684 413 539 930 539 925 539 20 539 526 539 443 539 191 539
1 980 979 708 540 911 540
9 495 541 206 205 482 541 494 493
9 553 542 214 213 143 542
3 277 543 723 543 289 288 917 916 121 543 780 543 188 187 680 543 508 543 238 543 162 543
6 655 654 318 317 501 544 442 544
4 762 545 78 77 281 280 980 545 596 545 70 69
1 192 546 136 546 366 546
5 646 645 66 547 25 547 798 797
1 734 548 976 548 790 548 236 548 439 548
2 996 995 32 31 816 549 256 549 858 857 233 549
1
9 210 551 343 551 474 473
1 901 552 543 542 35 34 638 552 578 552 994 552 953 952
9 344 343 75 553
8 415 414 797 554 515 554 721 720 606 605
9 966 965 879 555 348 555 154 555 677 555 48 555
1 94 93 539 538 771 770 994 556
2 792 791 394 557
5 491 490 341 340 44 558
1 790 789 1000 559
2 363 362 916 915
9 936 561 862 861 491 561 700 561 587 561
6 632 562 104 103 36 562
7 3 2 949 563 910 563 863 563
2 359 358 4 3
6 703 565 577 576
9 612 566 670 566 812 566 965 964
10 200 199 470 469 315 567 371 370 990 989 194 193
1 384 383 912 568
2 87 569 209 569
3 24 570 583 582 591 570
4 905 904 230 229 190 189 425 424 802 801
2 468 572 104 103 775 774 158 572
3 966 965 348 573 437 436 920 919 297 573
6 908 574 506 505
7 852 851 205 575 427 426 462 575 421 420
8 965 576 236 576 566 576
9 426 425 306 305 942 577 841 840 553 552
3 350 578 749 748 495 578 751 750 345 578
8 362 579 88 87 238 579
10 213 212 692 580 249 580 760 580
3 586 581 219 581 466 581 444 443 535 581 692 691
7 135 582 888 582 359 582 571 582 534 582
10 351 583 786 583 468 583 850 849 912 911 318 317
4 7 584 296 295 262 584 890 584
6 582 581 504 585 824 585 498 497 433 585
10 999 586 803 586 220 219 716 715 945 944 223 222 562 561
4 98 587
7 902 588 75 588
6 5 589 979 589 421 420 323 322 877 589 214 213 145 144 845 844
4 7 590 936 590 571 570
10 708 707 948 591 138 137
4 965 592 245 244 753 752
9 143 593 513 593 974 973 812 811 130 593 514 593
7 365 364 747 746 893 892 836 594 768 594 350 349
7 894 595 865 595 344 595 284 595 546 545
6 264 596 615 596 363 362 773 772 231 596 978 977
5 818 597
7 779 598 36 35 186 598 144 143 71 70 177 176 44 43 268 267
8 417 599 137 136
9 970 600 200 600 103 102 145 144 420 600 727 600
1 920 919
3 638 637 333 332 837 836 869 602 896 895
10 743 742 794 603 221 220 649 648 673 672 864 603 23 22
3 766 765 839 838 894 604 196 195 735 734 99 604 218 217
9 867 605 843 842 443 605 555 605
9 836 606 663 662 666 665 396 395 636 635 266 265
2 222 221 791 607 647 607 44 607 976 975
9 789 608 150 608 906 905 670 608 699 698
1 997 609 718 609 174 173
10 68 67 926 610
8 567 566 618 611 427 426 139 138 94 611 626 611
4 441 440 688 612 143 612
6 729 613 696 695 153 152 633 632 421 613
9 424 423 597 596 121 120 721 614 453 614 843 614 995 994 684 683
7 990 615 776 615 525 524
1 396 395 822 821 635 616 651 650 729 728 845 844 195 194 99 98
8 814 617 612 611 382 381 202 201 68 67
2 406 405 860 618 85 618 720 719
9 957 956 503 619 985 984 154 153 224 223 43 619
3 633 632 661 660
7 497 621 273 621 331 621 695 621 198 197
8 901 900 170 622 287 622
9 534 533 692 623 404 623 872 871 422 421 698 623 156 623 371 623 976 975
7 337 624
6 787 786 532 625 20 19 912 625 912 911 144 143 693 625 612 611 663 662
5 994 626 90 626 707 626 962 626 980 626 735 626 463 462 489 626
2 829 627 955 627 481 480 492 627
1 229 628 243 242 807 628 899 628
1 768 767 31 629
1 694 630 478 477
1 563 562 21 631 887 631 859 631
3 23 22 614 632 621 632 733 632 877 632 177 632
4 21 20 164 633
2 162 161 617 616 390 634 377 634 749 634
7 870 635 414 635 684 683 607 635
4 243 636 327 636 393 392
2 603 637 424 423 496 637 960 637 101 637 264 637 226 225 553 552
9 24 23 776 775 323 638 327 638
2 321 639 296 639
3 901 900 672 640 464 640 469 468
8 832 641 757 756 861 860
1 738 737 82 642 888 642 392 391
8 369 643 670 643 189 188 943 942
5 869 868
1 229 645 548 645 299 645 191 645
6 608 607 864 863
7 797 647 332 331 678 647
8 801 800 604 648
9 831 830
5 947 946 617 650 861 860 790 789
2 665 664 274 273 464 651
5 22 21 152 652 274 652 205 652
4 296 295 330 653 425 653
10 545 654 323 654 899 654 44 43 922 921
1 181 655
10 95 656 702 701 747 746 109 656 380 656 736 735 723 722 223 222 967 966
7 822 821 955 657 325 657 71 70 285 284 385 657
4 734 658 504 503 840 839
2 465 659
9 498 660 913 660 621 660
4 701 661 220 219 163 661
2 389 662 607 662 794 662 626 662
2 380 663 335 663 870 663
9 973 664 652 664 913 664 860 859
5 252 251 250 249 607 665 363 362
8 71 70 18 17 762 666
4 732 667 736 667 897 896 708 707
7 149 148 873 872 891 668
6 567 566 644 643 609 608
7 225 670
1 843 671 417 671 641 640 28 671 42 41
5 142 672 27 26 604 672
7 852 851 168 673 310 309
10 539 674 281 674 511 510
9 922 675 12 675
7 103 676 341 676 924 923 556 555 155 676 292 676 22 21 969 968
7 695 677 648 647
7 189 188 221 220
6 360 359 896 895 999 998 544 543 139 679
5 714 713 200 680 353 352 104 103
1 127 681 865 864 495 681
10 694 693 82 682 349 348 407 682 735 682 690 689
9 800 799 968 967 66 65 636 683 872 871 615 683 518 517
5 741 684 540 684 24 23 115 114 530 529 202 201 143 142
1 811 810 281 685 158 685
9 207 686 842 841
4 406 687 613 612
7 495 688 72 688
4 936 689 683 689
5 167 690 699 698 420 690 231 230
6 624 623 992 691 581 580 582 691
7 157 156 264 692 93 92 293 292 925 692 626 625
8 631 630 496 693 683 693 967 966 85 693
9 429 428 382 381 43 42 7 6 622 621 49 48 678 677
8 798 797 614 695 203 695 845 695
2 418 696 931 930 881 696 987 696 716 696 835 834 434 696 820 819
6 855 854 624 623 909 908
1 866 865 691 698 291 698 175 174 806 698 609 698
10 103 102 562 561 956 699
4 791 700 662 661 270 269
8 657 701 339 338 719 701 383 701 520 701 341 340
2 566 565 301 702 384 383
10 120 703 221 703 835 703 82 81 56 55
6 492 704 916 915 961 960 832 831 911 910 790 704
1 276 275
1 248 706 40 706 627 626 371 370
5 541 540 339 338 114 707 592 707 353 352 106 707 88 707 668 707
7 723 708
7 487 486 117 116 288 287 26 25
2 308 307
3 377 711 50 49 244 243
8 314 313 78 77 839 712
1 681 713 244 243
1 205 714 25 714 844 843 381 380 62 714 725 724 143 714 804 803 885 714 187 714
4 587 715 697 696 334 333
2 150 149 457 716 46 716 128 716 302 716 187 716
1 610 609 370 369 70 717 312 717
9 59 718 702 701 66 718
10 758 719 485 719 981 980 510 509 984 983 619 719 388 387
4 615 614 343 342 555 720 730 720
3 931 930 508 507 151 150 65 721 273 721
5 709 708 294 722 92 91 544 543 295 294 117 722 161 722 79 78 902 901 657 722
3
2 332 724 91 90 962 724 537 536 715 724 922 921 934 724 219 218
3 349 348 747 746 952 951
2 880 726 601 600 502 501
5 320 319
1 487 728 614 613 617 728 305 728 152 728 195 728
2 113 729 877 729 721 720
5 147 146 747 746
6 88 87 668 667
9 373 732 170 169 633 632
8 549 548 659 658 791 733 510 509 873 733
5 357 356 605 734 125 734 627 626 683 682
7 416 415 668 667 657 735
9 825 736 910 909
5 846 845 643 737 14 737 908 737 896 895
1 766 765 249 738
7 222 739 528 739
2 685 684 162 740 291 290 912 911 95 94
2 387 386 295 741 819 818
2 129 128 869 868 604 742 320 742 47 46 230 742
1 930 743 284 283 200 743 381 380 771 743
3 447 446 445 744 380 744 358 357 411 410
4 820 819 1000 999 34 33 307 745 245 244 66 65
4 595 746 657 746 731 746 726 746 14 746
6 120 119 482 481
5 920 919 162 748 579 748 880 748 231 230 220 748 635 634
2 233 749 967 749
7 786 785 272 271 579 750
10 251 250 389 388 188 751 766 751
6 405 404 593 752
4 870 753
4 533 532 847 846 84 754
7 839 755 51 50
8 642 756
5 720 719 286 757
1
8 173 172 984 983 999 759 581 580 978 759 32 759
9 424 423 196 760 891 890
7 419 761 546 545 191 190 350 349 667 666
3 490 489 228 227 155 762 393 392
9 346 763 116 115 189 188 995 763 124 123
5 77 76 130 129
8 85 765 605 765 739 765 467 765 273 272 461 765 463 765 752 751
5 277 276 238 237 177 176 90 766
5 475 474 630 767 395 394 595 594
4 468 768 874 768
5 47 769 49 48 22 21 180 769
3 557 770 454 770 744 743 953 770
5 409 771 402 401 391 771 90 771 533 532 422 421
9 495 494 597 772 484 772
4 53 773 525 773
5 573 774 517 516 427 426
3 639 775 886 775 616 615 785 775
8 284 283 948 776 484 776
8 66 65
8 599 598 228 227 534 533 55 54 24 778
4 309 779 544 543 931 930 798 779 230 229
1 147 780
6 193 192
5 847 782
6 836 835 241 783 161 160
9 102 101 866 865 776 775
1 751 785 584 583 258 257
2 902 786 626 786 366 365 857 856 951 786 285 284 446 445
7 120 787 167 787
5 867 866 609 608 120 119 965 788 863 788 485 484 880 879
5 560 789 651 789 892 891 549 548 705 704 44 789 11 10
4 701 700 734 733 608 607 306 790 961 790 86 790 948 790
5 558 791 362 361 66 791
3 285 284 902 901
9 801 800 392 391 526 525 604 603 963 793 327 793 663 662
4 169 794 179 178
9 108 107 979 978 81 795 981 980
8 911 796 648 647 919 796 555 554 430 429 504 503
8 696 797 548 797 780 779 954 953
5 389 388 489 488 915 914 972 971 452 798 991 798
1 684 799 466 465
5 216 800 794 800 649 800 882 881
8 825 824 504 801 482 481 147 146 463 462 381 380 572 801
8 587 586 373 802 229 228
3 402 803 314 313 18 803 715 803
3 18 804
2 101 100 384 805 699 698 409 805 899 898 894 893
5 69 68 280 279 59 806 250 806 347 346 160 159 629 628
2 230 229 399 807 470 469 885 884 410 409
2 960 808 977 808 156 155 363 808 384 808 909 808 861 808
4 925 924 970 809
7 686 810 361 810 454 453
2 814 813 330 811 229 228 567 566 594 811 189 188 944 943
9 105 104 29 28
2 812 813 263 262 618 617 333 813 110 813
8 951 950 367 366 497 496 299 814
10 90 89 550 549 468 467 215 815 308 815 406 815
2 199 816
1 152 151 598 597 91 817
6 742 818 285 818
8 746 819 846 819 969 968 697 819
7 76 820 480 479 539 820 53 820
1 658 821 617 821 219 821 49 821 327 326 465 464 999 821 326 821 191 821
3 313 822 458 457 833 822 262 261 494 493
10 586 585
9 56 824 802 824 881 880 371 370 536 824 737 736
8 856 855 20 19
10 493 492 246 245 128 826
8
5 951 950 628 627 488 828 330 828
5
9 930 830 650 830
1 642 641 705 831 406 405
4 532 832 823 822 896 895 375 832 98 832
6 1000 999 90 833 239 833 357 356
5 493 834 697 834 918 834 704 703 902 834
8 607 606 784 835 946 835 964 835 595 594 538 537 77 835 210 835
9 67 836 399 398 603 836 466 836 855 854 893 836
9 93 837
10 237 838 605 838 756 755 301 838 713 712 512 511
10 146 145 275 274 96 95 659 839 243 242
4 953 840 92 91 578 840 310 840
8 905 904 934 933 472 471 171 170 687 841 923 841
4 453 452 672 671 606 842 615 614 160 159
5 715 843 228 843 874 873 273 843
9 998 997 617 844 696 695 238 844 268 267 590 844 176 844
1 738 845 820 819 415 845 274 845
4 783 782 755 846 123 846 28 846
2 900 847 932 931 871 870
3
1 425 424 268 849 584 849
2 886 885 910 850 986 985
10 674 851 576 851 120 119 448 447 148 147
1 161 160 933 932
6 989 988
1 944 854 439 438 698 854 837 854 42 854 900 854 223 854
10 826 855 261 260 435 855 927 855 452 451 209 208 268 855
3 787 856 995 856
2 46 45 915 857 540 539 897 896 550 857 281 857
7 632 631 342 858
9 861 860 619 618 863 859 665 859
8 860 860 219 218 462 860 651 860 365 364 185 184 399 398 188 187 982 981 642 860 809 808
7 503 861 562 861 21 20 323 322 505 861
10 860 859 489 862 882 862 564 563 789 788
1 170 169 390 389 476 863 647 863 268 863 604 603
2 596 595 69 68 682 864 389 388
4 699 865 9 865 44 865 785 865 905 865 331 330
1 606 605 789 866 77 76 418 417
3 60 867 293 292 983 982
5 743 868 175 868 603 602 92 91 645 868 402 868 372 868
2 636 635 20 19 135 869 754 753 207 869 119 118 664 663
2 79 78 367 366 893 892 18 870 63 870 848 870
10 887 886 280 279 684 871 624 871 41 40
9 669 872 734 733 997 996 421 420
5 210 209 769 768 844 873
6 41 40 25 24 927 874
10 368 367 222 875 912 875
7 117 876 590 589 174 876 730 729 633 632 441 876
1 982 877 56 877
1 556 555
10 749 748 727 726 422 421 191 190 55 54 789 879
1 697 696 539 538 825 880 936 935 389 388
4 898 897 908 881 801 881 863 862 983 881
1 922 882
2 894 883 499 883 412 411
9 178 884 715 714 808 884
3 851 885 94 93 776 775 164 163
3 632 631 872 886 140 886 903 886
3 583 582 643 642
4 982 888 406 405
1 461 460 172 171 304 889 325 889 585 584
2 761 890 307 306 669 668 469 890
2 790 891 298 891 320 891
8 312 892 595 892 871 892 962 892 837 836
1 605 604 396 893 596 595 884 883 806 893 933 893 907 893
4 442 441 323 894
1 680 895 901 900 80 79 833 895 738 895 603 895 423 895
6 858 896 668 896 407 406 463 896
6 430 429 882 897
3 655 654 806 898 629 628 399 398
10 848 847 214 899 21 899 414 899 166 165 855 854 923 922
7 553 552 623 900 296 295 641 900 896 900 17 900
7 787 786 589 588 793 901 4 3 723 901 835 834 219 218
2 295 902 887 886 254 902
6 154 903 109 903 12 11
1 842 904 572 904 866 865 954 904 44 43 66 904 425 424
7 609 905
7 307 306 894 893 978 906 360 906
10 738 737 575 574 352 907 882 881 932 907 191 190 179 907
8 921 908 969 908 809 808 698 908
9 370 909 564 563 851 850 343 909 737 909
1 248 247 797 796 173 172 705 910 541 540
8 626 625 380 911 413 911 569 568 584 911 626 911 876 875 741 911
3 661 660 665 664 928 927 535 912 136 135
1 476 475 289 288 83 82
1 858 857 202 914 799 914 195 194
3 538 915 705 915 561 915
5 281 280 544 916 509 508
3 835 834
6 303 302 797 796 935 934
10 379 919 749 919 602 919 278 919 252 919 574 919 449 919
4 909 908 320 319
7 883 882 676 675 532 531 725 921 655 921
3 187 186 129 922 122 922 900 922 842 841
1 308 923 677 923 433 432
9 540 539 141 924 810 924 693 692 316 924 158 157 375 924 108 107
7 611 610
3 539 538 856 855 246 926 875 874
6 44 927 507 927 913 927 365 364
2 525 524 169 928 506 505
6 744 743 540 539 76 929 831 830 987 929
8 697 930 55 54 244 243 722 930 140 930 261 260 780 930
1 179 178 848 931 908 907
2 475 932 190 932 853 932 894 893
9 87 933 842 933 956 933 725 724
8 287 286 230 934 946 934 371 934 919 934
4 128 935 562 561 881 935 690 689 591 590 7 6
7 522 521 370 369
4 256 255
3 395 938 964 963 340 938 315 314
4 251 939 141 140 243 939
2 537 940 31 940 445 940
3 319 318 354 941 274 273 578 577
4 644 942
4 855 854 3 943 240 943 79 943 504 503 812 943
5 306 944 587 944
4 223 945 351 350 836 835 935 934
9 651 946 282 946
1 402 947 777 776 592 591 977 947 960 959 791 790
9 564 563 4 948 287 948
4 378 949 298 297 219 218
1 383 950 815 950 829 950 390 389 787 786 962 950
2 323 951 41 40 475 474 177 176 726 951 176 951
2 841 840 238 952 20 952 196 195 501 500 165 952 211 952 388 952 96 952 771 770 553 952
3 7 6 23 953 905 904 398 953 972 971 798 953
4 658 657 628 627 340 339 156 155
2 251 250 934 933 700 699
1 620 956
8 513 957
7 297 296 973 972 234 958
5 809 808 638 637 948 959
3 278 960 705 960 429 428 791 790 254 253
4 233 232 725 724 4 3 627 626 893 892 2 1 951 950
5 473 962 794 793 95 94
6 939 963 836 835 403 402
4 577 576 593 592 789 788 567 964
2 556 965 574 965 128 127 138 965 236 965 244 243
10 428 966 694 966 404 403 507 506 657 966 750 749
1 684 967 385 967 414 967 336 967 275 967 242 241
5 820 968 909 908 977 976 677 968
4 601 600 810 809
6 155 970 530 529 242 241
8 164 163 799 971 203 202 954 971 519 518
9 141 972 665 664 179 178 959 972 161 972
9 218 973 295 973 594 973
2 289 974 369 368 48 47 141 974
5 549 548 89 88 469 975 624 975 608 975
5 187 976 809 808 258 257 210 209 969 976 948 947
10 425 424 907 906 597 977 448 447 537 536 760 759
8 590 589 288 287 796 978
3 153 979 541 979 627 626 89 979 546 545
5 720 980 251 250 79 78 796 980
8 889 888 537 981 878 877 861 981
6 43 982 387 982 868 982 882 881
6 138 137 760 983 720 983 272 983
2 991 984 620 984 49 984
1 851 985
7 56 986 697 696 431 430 930 929
5 147 146 520 519 383 382 308 987
8 443 988 854 988 378 377
5 568 989 616 615 424 989
9 985 984 799 798
3 692 691 236 235 453 991 241 240
9
3 236 235 627 626 557 556 553 552
10 857 856 615 994 425 994 764 763
4 402 995 550 995 318 995 322 995 363 995 512 511
6 610 609 873 996 396 395
9 339 338 366 365 845 997 257 256 456 455 284 283 305 304
4 587 586 458 457 506 505 760 759 680 998 228 227 822 821
2 834 999 746 999 383 382 524 523 523 999 560 559
