1000
2000
0 5
1 5
2 5
3 3
4 2
5 1
6 1
7 3
8 9
9 7
10 1
11 4
12 8
13 2
14 2
15 10
16 4
17 7
18 1
19 9
20 10
21 6
22 7
23 2
24 10
25 3
26 8
27 4
28 1
29 10
30 5
31 5
32 6
33 9
34 9
35 10
36 2
37 10
38 2
39 10
40 8
41 2
42 5
43 6
44 5
45 7
46 7
47 9
48 3
49 9
50 7
51 5
52 4
53 5
54 8
55 5
56 8
57 6
58 8
59 10
60 7
61 3
62 4
63 2
64 3
65 3
66 1
67 4
68 4
69 2
70 6
71 1
72 6
73 10
74 8
75 10
76 8
77 4
78 10
79 1
80 2
81 6
82 7
83 7
84 3
85 4
86 2
87 10
88 9
89 9
90 9
91 7
92 3
93 4
94 1
95 6
96 8
97 1
98 1
99 1
100 5
101 8
102 2
103 2
104 10
105 9
106 3
107 7
108 5
109 3
110 9
111 8
112 8
113 5
114 5
115 10
116 9
117 8
118 1
119 9
120 6
121 1
122 6
123 1
124 5
125 6
126 8
127 2
128 8
129 10
130 3
131 4
132 8
133 6
134 7
135 7
136 6
137 10
138 5
139 10
140 2
141 4
142 8
143 1
144 8
145 4
146 3
147 8
148 1
149 3
150 7
151 8
152 6
153 4
154 8
155 2
156 9
157 5
158 5
159 8
160 5
161 9
162 4
163 4
164 4
165 10
166 2
167 10
168 9
169 6
170 1
171 2
172 9
173 10
174 3
175 9
176 5
177 5
178 6
179 5
180 9
181 4
182 3
183 4
184 7
185 2
186 5
187 7
188 7
189 10
190 5
191 3
192 10
193 10
194 6
195 4
196 1
197 9
198 5
199 2
200 4
201 7
202 3
203 5
204 7
205 5
206 5
207 1
208 1
209 2
210 8
211 10
212 6
213 2
214 5
215 2
216 3
217 2
218 9
219 1
220 3
221 5
222 3
223 2
224 4
225 10
226 5
227 4
228 10
229 1
230 5
231 4
232 8
233 10
234 10
235 6
236 6
237 4
238 8
239 7
240 5
241 5
242 8
243 10
244 6
245 2
246 4
247 1
248 3
249 2
250 1
251 7
252 6
253 6
254 9
255 1
256 7
257 5
258 6
259 7
260 8
261 3
262 10
263 5
264 2
265 1
266 2
267 7
268 4
269 9
270 3
271 10
272 6
273 2
274 10
275 3
276 4
277 5
278 3
279 8
280 6
281 4
282 5
283 3
284 1
285 5
286 3
287 7
288 1
289 8
290 3
291 8
292 10
293 4
294 4
295 3
296 4
297 5
298 10
299 9
300 6
301 4
302 9
303 3
304 6
305 10
306 5
307 1
308 4
309 10
310 8
311 1
312 5
313 4
314 3
315 5
316 10
317 7
318 1
319 1
320 4
321 6
322 8
323 6
324 1
325 2
326 8
327 5
328 8
329 7
330 5
331 5
332 3
333 5
334 7
335 10
336 4
337 4
338 10
339 9
340 3
341 9
342 9
343 7
344 3
345 3
346 3
347 2
348 9
349 5
350 2
351 5
352 10
353 2
354 10
355 1
356 5
357 9
358 7
359 2
360 6
361 1
362 7
363 10
364 6
365 5
366 9
367 1
368 8
369 8
370 10
371 2
372 6
373 10
374 10
375 10
376 5
377 2
378 2
379 3
380 7
381 5
382 9
383 6
384 8
385 8
386 8
387 2
388 7
389 4
390 4
391 4
392 7
393 2
394 5
395 4
396 6
397 3
398 4
399 6
400 2
401 5
402 7
403 7
404 7
405 7
406 7
407 1
408 10
409 10
410 5
411 6
412 6
413 4
414 4
415 4
416 1
417 3
418 7
419 9
420 7
421 10
422 4
423 5
424 3
425 8
426 8
427 1
428 10
429 1
430 6
431 1
432 8
433 4
434 10
435 4
436 2
437 8
438 4
439 2
440 9
441 8
442 7
443 6
444 3
445 2
446 1
447 6
448 5
449 8
450 4
451 3
452 9
453 8
454 7
455 2
456 7
457 6
458 2
459 7
460 8
461 9
462 9
463 5
464 2
465 8
466 8
467 4
468 7
469 3
470 5
471 5
472 3
473 3
474 1
475 7
476 5
477 3
478 2
479 1
480 10
481 6
482 3
483 9
484 5
485 1
486 10
487 1
488 6
489 3
490 9
491 5
492 1
493 10
494 10
495 4
496 7
497 9
498 7
499 6
500 4
501 3
502 2
503 8
504 8
505 2
506 4
507 4
508 5
509 6
510 4
511 6
512 3
513 8
514 4
515 7
516 8
517 5
518 9
519 5
520 9
521 10
522 9
523 9
524 9
525 10
526 3
527 7
528 1
529 1
530 2
531 4
532 4
533 4
534 1
535 1
536 7
537 6
538 4
539 3
540 1
541 9
542 9
543 3
544 6
545 4
546 1
547 5
548 1
549 2
550 1
551 9
552 1
553 9
554 8
555 9
556 1
557 2
558 5
559 1
560 2
561 9
562 6
563 7
564 2
565 6
566 9
567 10
568 1
569 2
570 3
571 4
572 2
573 3
574 6
575 7
576 8
577 9
578 3
579 8
580 10
581 3
582 7
583 10
584 4
585 6
586 10
587 4
588 7
589 6
590 4
591 10
592 4
593 9
594 7
595 7
596 6
597 5
598 7
599 8
600 9
601 1
602 3
603 10
604 3
605 9
606 9
607 2
608 9
609 1
610 10
611 8
612 4
613 6
614 9
615 7
616 1
617 8
618 2
619 9
620 3
621 7
622 8
623 9
624 7
625 6
626 5
627 2
628 1
629 1
630 1
631 1
632 3
633 4
634 2
635 7
636 4
637 2
638 9
639 2
640 3
641 8
642 1
643 8
644 5
645 1
646 6
647 7
648 8
649 9
650 5
651 2
652 5
653 4
654 10
655 1
656 10
657 7
658 4
659 2
660 9
661 4
662 2
663 2
664 9
665 5
666 8
667 4
668 7
669 6
670 7
671 1
672 5
673 7
674 10
675 9
676 7
677 7
678 7
679 6
680 5
681 1
682 10
683 9
684 5
685 1
686 9
687 4
688 7
689 4
690 5
691 6
692 7
693 8
694 9
695 8
696 2
697 6
698 1
699 10
700 4
701 8
702 2
703 10
704 6
705 1
706 1
707 5
708 7
709 7
710 2
711 3
712 8
713 1
714 1
715 4
716 2
717 1
718 9
719 10
720 4
721 3
722 5
723 3
724 2
725 3
726 2
727 5
728 1
729 2
730 5
731 6
732 9
733 8
734 5
735 7
736 9
737 5
738 1
739 7
740 2
741 2
742 2
743 1
744 3
745 4
746 4
747 6
748 5
749 2
750 7
751 10
752 6
753 4
754 4
755 7
756 8
757 5
758 1
759 8
760 9
761 7
762 3
763 9
764 5
765 8
766 5
767 5
768 4
769 5
770 3
771 5
772 9
773 4
774 5
775 3
776 8
777 8
778 8
779 4
780 1
781 6
782 5
783 6
784 9
785 1
786 2
787 7
788 5
789 5
790 4
791 5
792 3
793 9
794 4
795 9
796 8
797 8
798 5
799 1
800 5
801 8
802 8
803 3
804 3
805 2
806 5
807 2
808 2
809 4
810 7
811 2
812 9
813 2
814 8
815 10
816 2
817 1
818 6
819 8
820 7
821 1
822 3
823 10
824 9
825 8
826 10
827 8
828 5
829 5
830 9
831 1
832 4
833 6
834 5
835 8
836 9
837 9
838 10
839 10
840 4
841 8
842 4
843 5
844 9
845 1
846 4
847 2
848 3
849 1
850 2
851 10
852 1
853 6
854 1
855 10
856 3
857 2
858 7
859 9
860 8
861 7
862 10
863 1
864 2
865 4
866 1
867 3
868 5
869 2
870 2
871 10
872 9
873 5
874 6
875 10
876 7
877 1
878 1
879 10
880 1
881 4
882 1
883 2
884 9
885 3
886 3
887 3
888 4
889 1
890 2
891 2
892 8
893 1
894 4
895 1
896 6
897 6
898 3
899 10
900 7
901 7
902 2
903 6
904 1
905 7
906 7
907 10
908 8
909 9
910 1
911 8
912 3
913 1
914 1
915 3
916 5
917 3
918 6
919 10
920 4
921 7
922 3
923 1
924 9
925 7
926 3
927 6
928 2
929 6
930 8
931 1
932 2
933 9
934 8
935 4
936 7
937 4
938 3
939 4
940 2
941 3
942 4
943 4
944 5
945 4
946 9
947 1
948 9
949 4
950 1
951 2
952 2
953 3
954 4
955 2
956 1
957 8
958 7
959 5
960 3
961 4
962 5
963 6
964 4
965 2
966 10
967 1
968 5
969 4
970 6
971 8
972 9
973 9
974 2
975 5
976 5
977 10
978 8
979 3
980 5
981 8
982 6
983 6
984 2
985 1
986 7
987 5
988 8
989 5
990 9
991 3
992 9
993 3
994 10
995 4
996 6
997 9
998 4
999 2
424 849 424
194 137 194
548 733 548
197 257 197
264 84 264
688 494 688
582 134 582
490 558 490
884 177 884
761 418 761
452 842 452
662 388 662
974 288 974
728 486 728
785 750 785
700 790 700
732 372 732
400 214 400
528 450 528
417 211 417
202 15 202
188 678 188
312 4 312
169 732 169
635 869 635
186 922 186
584 6 584
115 406 115
205 286 205
824 55 824
509 258 509
388 798 388
7 110 7
562 631 562
956 619 956
100 805 100
386 741 386
45 857 45
271 414 271
299 238 299
538 99 538
145 839 145
782 846 782
423 760 423
149 716 149
96 168 96
965 555 965
840 952 840
121 223 121
40 874 40
14 413 14
247 910 247
630 693 630
475 468 475
600 969 600
696 417 696
950 382 950
945 222 945
797 695 797
415 735 415
271 750 271
578 349 578
724 331 724
68 806 68
172 759 172
345 455 345
687 405 687
583 350 583
432 499 432
857 914 857
156 537 156
572 467 572
546 191 546
566 611 566
406 136 406
215 481 215
794 168 794
404 752 404
940 536 940
819 745 819
786 901 786
855 825 855
273 372 273
22 290 22
930 696 930
596 263 596
718 58 718
950 814 950
532 754 532
965 573 965
313 712 313
199 567 199
904 841 904
800 215 800
660 497 660
656 94 656
486 164 486
484 114 484
586 998 586
576 964 576
960 277 960
950 828 950
765 84 765
952 237 952
429 897 429
306 906 306
446 744 446
645 228 645
9 166 9
128 742 128
524 55 524
280 357 280
307 122 307
176 74 176
260 855 260
193 161 193
221 607 221
765 604 765
423 614 423
432 94 432
405 618 405
8 250 8
791 557 791
658 733 658
763 345 763
117 539 117
729 112 729
85 229 85
21 652 21
475 437 475
671 842 671
275 202 275
235 993 235
318 4 318
474 767 474
838 236 838
362 317 362
846 754 846
935 127 935
637 602 637
786 625 786
552 900 552
217 136 217
143 454 143
450 280 450
455 118 455
999 833 999
359 679 359
596 614 596
838 604 838
868 742 868
741 294 741
169 863 169
590 6 590
367 457 367
263 264 263
395 616 395
548 975 548
103 572 103
489 762 489
477 630 477
90 724 90
604 893 604
606 835 606
414 554 414
151 817 151
358 564 358
398 112 398
469 567 469
155 56 155
149 533 149
533 623 533
212 580 212
106 538 106
6 953 6
716 456 716
690 166 690
280 916 280
845 737 845
335 245 335
938 394 938
524 928 524
834 492 834
389 950 389
779 308 779
75 24 75
836 66 836
865 698 865
654 544 654
362 231 362
126 521 126
423 46 423
696 880 696
900 622 900
995 401 995
395 477 395
251 665 251
625 531 625
915 537 915
295 900 295
919 378 919
586 802 586
885 850 885
676 102 676
417 450 417
819 845 819
245 97 245
441 74 441
984 990 984
423 637 423
93 556 93
637 495 637
226 380 226
48 409 48
492 826 492
338 997 338
364 594 364
56 36 56
631 20 631
744 444 744
460 889 460
555 878 555
452 105 452
903 153 903
457 998 457
460 336 460
661 700 661
311 109 311
684 740 684
398 836 398
102 297 102
714 204 714
821 657 821
660 912 660
909 369 909
336 182 336
760 195 760
131 507 131
538 191 538
318 941 318
893 395 893
358 109 358
54 930 54
854 943 854
160 852 160
464 188 464
456 300 456
501 432 501
654 322 654
900 640 900
631 886 631
362 596 362
946 650 946
539 857 539
397 369 397
976 186 976
737 642 737
693 495 693
861 502 861
219 402 219
519 385 519
919 748 919
428 694 428
219 586 219
306 335 306
892 311 892
19 48 19
446 93 446
657 954 657
190 174 190
716 45 716
128 316 128
137 96 137
148 668 148
368 974 368
605 866 605
29 237 29
799 683 799
64 340 64
832 531 832
706 247 706
613 728 613
973 217 973
27 365 27
19 85 19
698 690 698
688 71 688
78 870 78
561 935 561
703 119 703
19 825 19
733 790 733
115 763 115
593 142 593
740 161 740
860 859 860
847 899 847
424 977 424
684 539 684
636 242 636
120 614 120
555 347 555
366 814 366
394 407 394
491 147 491
321 8 321
193 207 193
137 983 137
952 19 952
701 656 701
922 128 922
967 683 967
803 401 803
107 795 107
201 286 201
808 959 808
979 152 979
698 290 698
746 594 746
333 295 333
514 217 514
310 537 310
156 692 156
465 799 465
533 0 533
748 161 748
972 140 972
755 838 755
521 936 521
307 269 307
101 784 101
23 446 23
332 602 332
690 419 690
195 952 195
338 701 338
440 25 440
47 132 47
295 653 295
138 313 138
276 766 276
335 142 335
932 474 932
221 165 221
309 360 309
102 699 102
704 491 704
151 538 151
436 186 436
657 324 657
500 952 500
479 287 479
904 571 904
284 792 284
435 454 435
538 556 538
695 613 695
876 116 876
542 552 542
861 561 861
845 414 845
595 893 595
488 798 488
855 434 855
739 221 739
983 759 983
279 806 279
66 35 66
743 929 743
607 790 607
146 987 146
286 934 286
417 422 417
767 629 767
614 720 614
915 704 915
125 335 125
947 401 947
238 496 238
432 455 432
836 602 836
6 240 6
70 657 70
283 776 283
283 743 283
503 658 503
835 783 835
326 83 326
851 673 851
306 105 306
902 294 902
838 300 838
708 722 708
352 358 352
626 993 626
621 496 621
23 684 23
409 362 409
899 213 899
886 871 886
681 126 681
77 316 77
714 24 714
711 376 711
485 355 485
2 328 2
178 351 178
489 112 489
235 12 235
654 898 654
178 931 178
349 9 349
820 75 820
365 786 365
621 272 621
517 274 517
614 452 614
395 293 395
538 880 538
247 534 247
179 65 179
237 766 237
963 938 963
65 303 65
543 276 543
377 146 377
890 760 890
403 156 403
381 694 381
722 293 722
962 472 962
486 709 486
18 24 18
626 89 626
20 633 20
38 362 38
330 252 330
75 8 75
818 741 818
89 463 89
598 778 598
821 616 821
161 634 161
440 612 440
22 632 22
232 22 232
941 353 941
58 428 58
35 598 35
706 39 706
23 638 23
813 811 813
664 972 664
539 412 539
856 786 856
158 371 158
822 312 822
91 722 91
719 757 719
89 815 89
274 839 274
589 4 589
872 668 872
789 559 789
671 416 671
538 926 538
427 101 427
317 544 317
339 263 339
960 704 960
621 330 621
509 733 509
177 167 177
737 13 737
505 998 505
431 354 431
532 374 532
76 764 76
692 263 692
748 578 748
79 83 79
350 945 350
846 122 846
483 211 483
143 68 143
342 500 342
967 384 967
262 813 262
896 857 896
842 605 842
114 684 114
305 387 305
581 585 581
24 68 24
184 211 184
343 553 343
209 873 209
449 135 449
805 383 805
425 577 425
623 691 623
609 996 609
539 929 539
944 305 944
561 490 561
598 185 598
487 394 487
158 199 158
541 494 541
119 747 119
810 685 810
159 361 159
88 975 88
746 656 746
588 901 588
773 52 773
168 75 168
715 586 715
716 127 716
143 598 143
545 761 545
908 920 908
810 360 810
9 458 9
769 46 769
479 820 479
676 340 676
986 55 986
494 772 494
849 267 849
952 164 952
91 424 91
944 586 944
772 596 772
609 717 609
995 549 995
137 225 137
2 563 2
806 58 806
737 907 737
618 859 618
261 303 261
175 247 175
802 372 802
888 981 888
20 328 20
324 465 324
968 819 968
19 625 19
843 714 843
285 333 285
892 594 892
922 121 922
539 924 539
104 812 104
387 184 387
218 860 218
627 828 627
600 199 600
982 42 982
272 328 272
774 572 774
578 494 578
982 386 982
110 490 110
219 229 219
360 448 360
966 427 966
744 379 744
499 362 499
616 634 616
771 408 771
519 987 519
389 321 389
535 432 535
493 3 493
339 364 339
693 682 693
227 778 227
313 277 313
441 894 441
249 665 249
981 536 981
855 926 855
468 461 468
923 307 923
607 646 607
92 692 92
4 271 4
295 584 295
949 377 949
589 978 589
637 959 637
673 167 673
382 987 382
523 262 523
19 869 19
232 961 232
127 965 127
152 613 152
103 562 103
652 151 652
866 788 866
617 813 617
645 547 645
487 70 487
988 442 988
136 26 136
327 153 327
790 305 790
190 761 190
967 413 967
74 280 74
493 249 493
431 246 431
356 734 356
543 722 543
952 210 952
674 538 674
713 680 713
366 870 366
932 189 932
650 616 650
860 461 860
883 893 883
806 249 806
800 793 800
587 97 587
401 771 401
719 484 719
695 202 695
432 135 432
583 785 583
365 997 365
749 232 749
379 39 379
95 839 95
533 778 533
534 531 534
73 251 73
645 298 645
87 731 87
70 666 70
22 31 22
83 132 83
389 863 389
296 958 296
997 844 997
146 730 146
67 156 67
824 801 824
783 240 783
230 310 230
813 332 813
394 767 394
207 508 207
59 157 59
454 154 454
275 300 275
980 719 980
288 543 288
895 679 895
584 261 584
588 74 588
975 468 975
846 27 846
933 86 933
979 540 979
220 168 220
544 500 544
672 141 672
305 388 305
178 972 178
362 560 362
582 887 582
569 86 569
65 19 65
70 350 70
229 571 229
393 115 393
924 140 924
350 445 350
808 976 808
526 338 526
319 920 319
933 841 933
574 907 574
653 329 653
625 911 625
117 304 117
110 228 110
243 930 243
765 738 765
611 617 611
369 936 369
15 221 15
451 147 451
555 153 555
361 130 361
738 248 738
582 358 582
919 601 919
701 718 701
811 329 811
259 51 259
331 418 331
892 870 892
65 777 65
215 138 215
628 228 628
345 162 345
642 81 642
869 134 869
835 945 835
770 556 770
642 887 642
87 132 87
31 549 31
129 764 129
357 744 357
833 89 833
667 731 667
102 600 102
608 788 608
796 910 796
34 552 34
691 991 691
570 23 570
226 504 226
20 861 20
42 694 42
579 361 579
549 815 549
653 424 653
703 220 703
662 606 662
860 650 860
190 220 190
421 447 421
768 467 768
859 862 859
391 793 391
6 694 6
573 347 573
281 403 281
547 65 547
69 277 69
583 467 583
472 240 472
865 8 865
119 219 119
67 610 67
728 616 728
205 541 205
457 822 457
930 721 930
361 791 361
442 374 442
743 199 743
196 64 196
116 536 116
250 955 250
529 684 529
502 241 502
174 698 174
250 980 250
390 341 390
160 783 160
748 879 748
929 75 929
117 191 117
525 793 525
894 322 894
880 824 880
759 998 759
460 248 460
235 991 235
801 503 801
742 603 742
233 532 233
789 650 789
233 175 233
281 69 281
716 301 716
393 60 393
768 873 768
123 108 123
172 910 172
357 4 357
420 589 420
911 379 911
592 964 592
419 245 419
567 314 567
540 707 540
863 475 863
786 950 786
53 475 53
822 832 822
195 604 195
101 515 101
656 108 656
739 527 739
243 446 243
696 986 696
914 201 914
5 340 5
557 393 557
370 567 370
188 763 188
595 864 595
733 872 733
835 963 835
535 206 535
549 255 549
622 169 622
170 527 170
21 84 21
346 806 346
856 994 856
322 589 322
951 322 951
393 510 393
361 397 361
776 947 776
882 921 882
837 92 837
836 465 836
228 811 228
539 19 539
966 693 966
256 997 256
771 390 771
250 751 250
935 880 935
227 762 227
40 951 40
381 139 381
509 719 509
92 258 92
670 224 670
541 481 541
734 604 734
438 854 438
891 789 891
643 368 643
316 409 316
82 142 82
664 651 664
410 744 410
176 766 176
987 307 987
443 41 443
641 831 641
294 722 294
476 365 476
123 34 123
722 116 722
459 132 459
916 543 916
983 719 983
626 706 626
103 501 103
184 494 184
119 788 119
844 616 844
290 740 290
496 814 496
845 273 845
493 541 493
589 876 589
451 855 451
972 958 972
534 494 534
632 613 632
453 810 453
991 452 991
563 948 563
603 793 603
775 638 775
843 227 843
629 30 629
474 2 474
171 889 171
363 521 363
47 974 47
995 317 995
388 880 388
594 835 594
426 611 426
152 454 152
754 83 754
563 909 563
682 81 682
647 796 647
873 843 873
262 190 262
750 578 750
539 525 539
474 951 474
399 103 399
551 209 551
734 124 734
272 158 272
698 805 698
998 679 998
273 941 273
865 43 865
689 935 689
349 761 349
972 160 972
49 711 49
914 798 914
336 70 336
543 120 543
194 471 194
40 96 40
724 961 724
339 2 339
831 704 831
923 676 923
470 78 470
578 344 578
459 32 459
851 575 851
48 769 48
924 809 924
93 885 93
305 577 305
805 408 805
65 683 65
486 505 486
618 84 618
900 895 900
604 98 604
780 146 780
428 70 428
171 515 171
876 173 876
287 978 287
402 43 402
897 881 897
119 851 119
388 751 388
338 707 338
862 488 862
508 916 508
314 87 314
6 315 6
627 954 627
9 356 9
426 254 426
348 725 348
707 113 707
313 803 313
17 666 17
868 174 868
142 488 142
931 847 931
245 826 245
537 835 537
224 261 224
793 962 793
566 669 566
90 334 90
321 351 321
393 220 393
380 714 380
455 997 455
198 242 198
543 779 543
948 3 948
608 149 608
696 715 696
898 805 898
256 478 256
279 871 279
477 252 477
867 59 867
104 257 104
519 152 519
770 453 770
635 413 635
813 109 813
13 360 13
194 616 194
79 895 79
536 724 536
707 591 707
227 47 227
989 567 989
530 337 530
427 324 427
472 490 472
585 503 585
854 697 854
250 129 250
870 17 870
445 77 445
728 304 728
973 294 973
370 824 370
220 603 220
835 76 835
207 13 207
292 867 292
344 470 344
292 692 292
965 137 965
581 218 581
244 191 244
475 913 475
395 485 395
639 320 639
726 879 726
315 523 315
602 868 602
722 160 722
508 125 508
370 706 370
889 303 889
54 778 54
44 173 44
285 164 285
306 890 306
340 558 340
593 512 593
965 235 965
380 743 380
581 465 581
352 707 352
666 761 666
893 805 893
605 442 605
637 100 637
901 792 901
336 386 336
343 351 343
158 83 158
803 17 803
507 721 507
161 388 161
946 281 946
255 239 255
729 876 729
94 129 94
368 465 368
155 808 155
177 319 177
294 474 294
877 981 877
518 495 518
273 441 273
834 696 834
189 426 189
996 872 996
244 592 244
230 748 230
919 277 919
692 924 692
481 801 481
640 671 640
891 297 891
776 483 776
547 24 547
899 20 899
381 617 381
680 199 680
787 119 787
566 811 566
171 292 171
757 285 757
487 528 487
361 304 361
932 852 932
281 103 281
854 836 854
20 516 20
285 304 285
180 222 180
999 745 999
619 502 619
615 989 615
907 351 907
683 635 683
834 917 834
358 123 358
499 143 499
192 781 192
3 961 3
626 961 626
893 932 893
797 547 797
229 807 229
614 842 614
555 676 555
952 387 952
833 238 833
230 430 230
284 786 284
911 412 911
284 657 284
159 806 159
375 35 375
943 2 943
850 909 850
322 861 322
621 694 621
64 277 64
288 913 288
178 176 178
28 812 28
163 971 163
198 347 198
391 642 391
75 492 75
787 166 787
886 139 886
575 204 575
695 844 695
953 22 953
623 403 623
302 918 302
139 468 139
364 860 364
590 935 590
78 722 78
428 960 428
824 535 824
849 583 849
139 536 139
957 512 957
236 166 236
839 658 839
140 22 140
788 964 788
927 43 927
585 823 585
382 999 382
383 200 383
580 691 580
800 648 800
775 885 775
21 76 21
383 568 383
309 356 309
818 284 818
753 869 753
648 603 648
430 986 430
796 918 796
50 71 50
816 198 816
748 219 748
339 954 339
303 263 303
232 433 232
204 186 204
703 834 703
201 617 201
899 413 899
640 463 640
30 279 30
656 379 656
359 70 359
334 374 334
665 606 665
633 163 633
821 218 821
613 420 613
742 319 742
790 960 790
909 342 909
227 998 227
116 709 116
607 43 607
714 61 714
255 46 255
982 867 982
895 832 895
426 575 426
369 717 369
480 627 480
869 206 869
638 322 638
830 929 830
395 996 395
919 251 919
958 233 958
216 480 216
893 906 893
242 628 242
903 108 903
906 977 906
908 968 908
971 798 971
77 545 77
597 817 597
162 127 162
595 343 595
213 589 213
405 831 405
667 735 667
556 993 556
3 901 3
420 872 420
471 302 471
165 899 165
463 61 463
345 9 345
356 222 356
626 979 626
523 999 523
881 907 881
568 911 568
871 683 871
676 154 676
26 672 26
546 135 546
193 480 193
535 189 535
467 815 467
230 690 230
432 923 432
627 491 627
724 714 724
46 742 46
21 769 21
896 667 896
184 860 184
481 747 481
352 214 352
554 796 554
108 228 108
569 208 569
293 284 293
348 682 348
910 704 910
144 600 144
865 784 865
67 617 67
809 969 809
367 875 367
967 335 967
490 256 490
857 549 857
939 250 939
115 512 115
60 9 60
24 874 24
200 293 200
123 103 123
261 822 261
548 789 548
63 279 63
138 137 138
145 428 145
187 543 187
933 955 933
279 331 279
113 531 113
212 6 212
632 620 632
928 168 928
911 583 911
150 721 150
291 218 291
682 406 682
938 339 938
202 971 202
693 84 693
830 649 830
421 281 421
835 209 835
37 120 37
871 623 871
194 914 194
297 949 297
943 239 943
544 441 544
828 487 828
643 669 643
817 90 817
610 925 610
924 315 924
820 538 820
790 85 790
626 734 626
220 678 220
505 574 505
114 403 114
807 398 807
501 215 501
124 178 124
309 102 309
967 274 967
599 416 599
146 394 146
994 614 994
433 472 433
314 938 314
33 745 33
70 598 70
901 722 901
657 384 657
81 703 81
395 302 395
146 801 146
279 147 279
443 581 443
181 247 181
674 280 674
565 702 565
672 603 672
309 261 309
48 694 48
766 89 766
548 235 548
76 866 76
219 661 219
186 194 186
91 868 91
445 786 445
45 458 45
72 120 72
482 520 482
948 286 948
716 186 716
637 263 637
57 482 57
59 21 59
659 464 659
540 910 540
476 307 476
663 379 663
815 214 815
661 162 661
596 230 596
470 219 470
210 276 210
612 687 612
561 699 561
378 239 378
333 715 333
746 730 746
280 545 280
686 206 686
378 154 378
257 976 257
751 187 751
728 151 728
77 712 77
539 442 539
615 775 615
999 522 999
762 154 762
91 840 91
582 570 582
655 180 655
595 283 595
163 11 163
771 89 771
78 980 78
977 596 977
591 947 591
287 709 287
881 800 881
682 734 682
341 389 341
624 336 624
447 851 447
421 623 421
459 53 459
940 30 940
197 621 197
327 261 327
612 142 612
736 824 736
135 517 135
714 142 714
577 941 577
803 714 803
118 525 118
765 466 765
361 15 361
551 342 551
155 954 155
558 43 558
48 178 48
926 245 926
493 822 493
911 625 911
952 95 952
398 860 398
875 221 875
326 125 326
685 280 685
539 190 539
570 590 570
118 869 118
808 362 808
143 625 143
840 577 840
414 327 414
455 203 455
862 881 862
964 566 964
21 458 21
120 28 120
102 146 102
329 306 329
378 449 378
756 641 756
877 55 877
563 862 563
470 77 470
854 41 854
870 62 870
76 535 76
225 637 225
891 319 891
623 697 623
628 806 628
562 35 562
176 598 176
344 420 344
394 274 394
10 144 10
436 573 436
242 150 242
194 394 194
804 17 804
863 646 863
915 560 915
374 88 374
696 433 696
447 179 447
240 189 240
447 977 447
189 571 189
272 765 272
675 921 675
775 784 775
33 51 33
326 425 326
218 474 218
531 921 531
470 161 470
905 608 905
266 149 266
425 422 425
330 97 330
252 224 252
173 609 173
6 935 6
927 506 927
634 389 634
519 211 519
298 116 298
701 382 701
28 159 28
471 841 471
484 94 484
984 619 984
536 977 536
865 904 865
668 890 668
392 762 392
278 60 278
125 113 125
473 493 473
243 965 243
462 801 462
257 785 257
309 673 309
0 538 0
198 206 198
136 599 136
934 229 934
200 354 200
200 179 200
360 422 360
714 884 714
161 141 161
228 802 228
623 155 623
275 705 275
170 841 170
826 127 826
543 679 543
77 232 77
752 592 752
745 306 745
890 468 890
821 48 821
778 23 778
273 651 273
326 821 326
331 647 331
213 542 213
153 619 153
921 724 921
464 821 464
243 711 243
163 885 163
238 15 238
468 640 468
403 966 403
532 297 532
788 862 788
75 16 75
243 289 243
707 105 707
477 348 477
68 864 68
58 102 58
424 571 424
793 326 793
631 858 631
821 998 821
553 74 553
608 669 608
388 376 388
988 853 988
652 273 652
201 684 201
765 460 765
321 254 321
844 237 844
16 410 16
402 963 402
157 924 157
201 312 201
702 300 702
904 953 904
970 154 970
843 272 843
934 945 934
704 789 704
685 157 685
664 912 664
717 69 717
439 270 439
889 324 889
192 229 192
473 551 473
438 394 438
864 681 864
895 737 895
516 774 516
548 438 548
543 507 543
814 298 814
397 187 397
632 732 632
173 205 173
868 644 868
187 860 187
451 107 451
209 976 209
773 524 773
600 419 600
497 585 497
663 334 663
506 966 506
930 139 930
906 359 906
628 898 628
383 702 383
875 911 875
142 684 142
552 637 552
117 134 117
332 149 332
735 656 735
222 586 222
267 844 267
307 472 307
208 855 208
216 83 216
552 577 552
412 129 412
43 598 43
907 931 907
457 18 457
973 593 973
981 860 981
701 519 701
319 727 319
639 295 639
870 847 870
138 611 138
43 654 43
82 913 82
623 370 623
819 696 819
306 29 306
286 82 286
90 401 90
101 40 101
196 263 196
868 401 868
21 445 21
421 879 421
456 502 456
510 674 510
508 332 508
719 618 719
97 60 97
554 514 554
307 710 307
260 930 260
176 951 176
746 725 746
582 533 582
789 43 789
43 904 43
975 623 975
342 720 342
462 626 462
622 286 622
398 898 398
223 74 223
197 172 197
50 755 50
406 896 406
140 939 140
855 267 855
892 961 892
989 423 989
953 397 953
978 795 978
934 370 934
193 567 193
529 970 529
398 376 398
663 869 663
184 76 184
976 968 976
840 309 840
683 614 683
811 593 811
190 879 190
994 424 994
971 953 971
55 703 55
387 719 387
11 903 11
549 232 549
401 424 401
27 107 27
403 271 403
575 461 575
469 807 469
930 779 930
714 186 714
874 926 874
255 937 255
712 838 712
137 591 137
223 619 223
924 374 924
218 949 218
743 770 743
340 701 340
594 767 594
552 993 552
580 248 580
512 312 512
380 801 380
321 24 321
369 301 369
40 871 40
524 615 524
815 307 815
886 902 886
495 454 495
30 34 30
854 899 854
516 279 516
770 952 770
995 321 995
243 713 243
144 589 144
815 405 815
188 643 188
679 138 679
516 520 516
600 726 600
349 594 349
546 365 546
472 360 472
699 955 699
798 451 798
863 267 863
884 807 884
511 838 511
240 354 240
356 307 356
722 656 722
720 554 720
671 27 671
943 78 943
632 876 632
911 740 911
947 976 947
626 488 626
795 80 795
484 788 484
603 863 603
317 583 317
395 606 395
834 901 834
581 534 581
779 797 779
244 745 244
868 371 868
330 167 330
499 3 499
975 607 975
107 924 107
146 319 146
211 506 211
707 87 707
80 218 80
896 462 896
689 682 689
322 12 322
388 864 388
242 839 242
959 947 959
611 93 611
222 656 222
383 364 383
429 796 429
625 692 625
214 382 214
527 56 527
6 444 6
841 686 841
283 997 283
1 961 1
39 183 39
934 918 934
269 700 269
821 325 821
836 892 836
532 771 532
593 129 593
518 971 518
635 606 635
698 608 698
559 999 559
724 933 724
605 554 605
634 376 634
3 564 3
459 96 459
619 42 619
927 912 927
922 899 922
267 598 267
572 157 572
61 233 61
821 190 821
632 176 632
769 179 769
798 990 798
950 961 950
584 889 584
188 811 188
399 430 399
218 3 218
388 416 388
844 589 844
854 222 854
240 991 240
542 142 542
940 444 940
85 28 85
142 217 142
98 616 98
5 187 5
420 575 420
421 771 421
611 625 611
330 865 330
580 759 580
820 52 820
22 137 22
113 279 113
720 729 720
405 86 405
445 507 445
253 280 253
299 243 299
919 573 919
531 505 531
636 326 636
186 348 186
765 462 765
912 534 912
676 291 676
979 88 979
858 341 858
860 641 860
135 912 135
980 795 980
585 432 585
241 970 241
387 87 387
163 0 163
21 676 21
966 656 966
417 866 417
501 726 501
476 213 476
728 194 728
134 131 134
218 724 218
651 463 651
545 979 545
326 0 326
749 966 749
909 736 909
410 237 410
904 65 904
662 793 662
216 280 216
202 498 202
511 149 511
555 47 555
951 725 951
375 474 375
808 383 808
106 145 106
131 401 131
721 64 721
857 280 857
772 483 772
763 994 763
218 901 218
652 204 652
87 579 87
192 387 192
681 494 681
759 977 759
254 50 254
190 907 190
759 31 759
178 794 178
746 13 746
362 665 362
406 104 406
573 296 573
828 329 828
876 440 876
677 694 677
543 237 543
41 348 41
22 526 22
349 272 349
929 986 929
65 745 65
428 318 428
883 498 883
832 374 832
110 404 110
790 947 790
377 988 377
995 362 995
408 63 408
537 344 537
332 409 332
232 189 232
132 73 132
361 257 361
383 368 383
100 510 100
405 888 405
411 883 411
942 643 942
98 181 98
593 513 593
832 97 832
742 229 742
503 943 503
638 326 638
177 426 177
367 184 367
545 595 545
437 537 437
392 636 392
691 581 691
751 765 751
0 508 0
675 11 675
255 1 255
907 178 907
69 545 69
120 442 120
54 879 54
983 271 983
94 962 94
718 65 718
791 65 791
94 740 94
340 347 340
265 606 265
968 676 968
503 796 503
985 850 985
356 833 356
364 927 364
304 997 304
10 789 10
576 235 576
505 928 505
83 193 83
543 161 543
900 16 900
347 353 347
25 709 25
579 237 579
576 565 576
717 311 717
953 797 953
881 982 881
426 774 426
939 242 939
307 506 307
660 620 660
721 272 721
147 851 147
229 779 229
321 497 321
342 450 342
517 683 517
479 109 479
984 48 984
390 355 390
496 367 496
879 788 879
82 187 82
861 504 861
358 131 358
808 908 808
491 19 491
952 552 952
352 680 352
707 667 707
426 274 426
515 153 515
102 235 102
919 448 919
409 807 409
241 967 241
943 811 943
123 763 123
288 116 288
844 175 844
895 602 895
278 469 278
801 571 801
159 842 159
22 603 22
368 197 368
974 140 974
247 263 247
424 904 424
634 748 634
511 995 511
662 625 662
318 426 318
561 586 561
253 960 253
103 680 103
921 654 921
902 253 902
647 677 647
859 664 859
951 175 951
645 190 645
808 860 808
895 422 895
176 27 176
60 482 60
494 404 494
67 306 67
256 305 256
349 517 349
190 468 190
379 114 379
841 922 841
81 169 81
908 697 908
46 110 46
217 604 217
41 671 41
119 280 119
