100 150 011
5 33 0 27 26 89 88 88 0 47 0
8 5 1 32 31 31 30
3 45 2 79 2 21 2 85 84 67 2 33 2
6 66 3
8 2 1 15 4
6 82 5 28 5
9 59 6 43 6 100 6 25 6 29 6
5 41 40
2 72 8
7 40 39
7 36 35 53 52 34 33 84 10
3 86 85
9 48 12
9 28 27 90 89 74 13
3 5 4 43 42 51 14
4
6 65 64 84 16 28 16
1
5
6 85 84 65 64
10 3 2 40 20 69 20
10 78 21 42 21 50 21
10 63 62 94 22 74 73 25 22 56 22
8 93 92 60 59 52 51
3 99 24 7 6 23 22
2 31 25 89 25 95 94 45 25 37 36 36 35
1 1 26 42 41 54 26 53 26
3 14 27 40 27 17 16 96 27 6 5
4 36 28 84 28 7 6
6 90 29 63 62
10 26 25 61 30 54 30 2 30
1 51 50 55 31 2 31
6 1 0 73 72 3 2 36 32
3 54 53 58 33 99 98 11 33
6 67 34 80 34
5 11 35 29 28 78 35 26 35 33 32
10 60 36 26 36
4 96 95 65 37
9 83 38 94 93 89 88 98 38 82 81
2 49 48 10 39 21 20 79 39 55 54 28 27
1 96 40 8 40
6 22 21 27 41 46 45 92 41 62 41 60 41
4 7 6 65 64 15 42 78 42 72 42 46 45
9 84 43 98 97
6 3 2 26 25
8 57 56 42 45 43 45
2 1 0
3 13 12
10 50 48 40 48
6 49 48 22 21
8 32 50 86 85 58 50 15 14
9 24 51
7 11 52 71 70 27 26
9 34 53 31 30 27 26
8 86 54 32 31 96 95 40 54 91 54
9 65 55 95 55 70 69 23 22
3 46 56 89 56
9 34 33 51 50
4 7 6
6 24 59 37 36 42 41
6 31 30
3 42 41
6 23 62 30 62 70 69
1 81 80 77 76 81 63
5 92 91 56 55 17 64 43 64 82 64 20 64 38 37
3 91 65 4 3
6 92 91 35 34 3 2
5 86 85 75 67 92 91
7 84 68 21 20
6 73 72 86 85 56 69 63 69
8 53 70
7 43 42 9 8
3 33 72 70 72
1 14 13 23 73
7 82 81 68 67
8 77 75 88 87
10 76 75 64 76 99 76
1 22 21 36 35 43 42 99 98
3 3 2 40 39 86 78 99 98 82 81 84 78
10 35 34 83 79
6 89 88 64 80 64 63
2 6 5 75 81 79 81 65 64 39 81
10 84 83 97 96 39 38 80 79
5 69 68 44 43 83 83 17 16 29 28 79 78 11 10
3 3 84 20 84
8 12 85 51 85 55 54 70 85 68 85 79 78
3
5 95 87 1 0 76 87 90 89
6 81 88 93 92 1 88 26 25 57 56 39 88
8 14 89 30 29 91 89 88 89
10 97 90 66 65 90 89 55 54
1 65 91 96 91 67 91 42 41 68 91
3 24 92 89 92
8 23 22 39 93
4 88 87 56 55 26 94
9 92 91 38 95 41 40 55 95 28 27
10 91 90 83 96
1 44 97 39 38
5 25 24 34 98 77 76 78 98 79 98
8 7 6
