100
150
0 4
1 5
2 7
3 2
4 7
5 5
6 9
7 10
8 8
9 4
10 6
11 6
12 9
13 9
14 9
15 8
16 1
17 4
18 8
19 3
20 1
21 5
22 1
23 8
24 10
25 6
26 2
27 6
28 10
29 3
30 10
31 9
32 8
33 3
34 4
35 9
36 2
37 1
38 2
39 6
40 6
41 1
42 2
43 7
44 4
45 6
46 5
47 9
48 5
49 5
50 4
51 6
52 9
53 8
54 1
55 1
56 9
57 1
58 8
59 1
60 7
61 5
62 7
63 5
64 7
65 4
66 2
67 3
68 8
69 2
70 9
71 4
72 6
73 3
74 4
75 5
76 4
77 9
78 9
79 9
80 5
81 7
82 5
83 6
84 3
85 8
86 2
87 1
88 6
89 4
90 1
91 3
92 10
93 1
94 8
95 3
96 9
97 1
98 8
99 4
0 31 6
2 13 7
2 63 8
3 60 6
3 65 3
4 72 6
5 57 4
6 41 7
6 47 3
6 50 1
7 1 10
7 32 3
8 57 4
10 21 4
11 64 2
12 30 10
13 72 5
13 88 9
14 25 4
15 21 4
15 43 3
16 40 6
16 86 3
17 50 6
17 53 1
18 15 8
18 37 6
18 58 8
18 61 2
21 3 2
21 12 4
21 48 8
22 36 4
22 95 9
23 4 10
23 25 7
23 65 9
24 49 6
24 94 7
27 63 9
28 3 8
28 74 9
29 54 10
31 34 7
31 89 2
32 23 9
32 59 8
34 24 1
34 62 2
34 71 2
35 53 8
35 91 1
38 38 5
38 67 7
39 8 3
40 10 4
40 64 9
41 25 3
41 61 4
44 6 1
44 43 2
44 45 10
46 8 5
46 13 2
46 22 6
46 34 4
47 62 10
47 69 2
47 99 5
48 98 7
49 17 6
49 39 4
50 43 10
50 54 10
50 65 9
51 40 5
51 97 10
52 52 5
52 95 8
53 14 5
53 41 1
54 3 7
54 55 10
55 58 2
57 82 6
58 72 10
59 25 9
59 35 2
60 29 9
60 40 9
61 45 7
61 63 5
62 4 3
62 18 9
64 1 6
64 65 3
66 29 1
67 28 8
67 95 8
68 59 3
70 80 9
71 32 4
71 51 9
71 54 2
73 94 3
74 21 8
75 5 1
75 41 1
76 63 3
76 77 10
76 80 8
76 90 7
76 96 3
78 22 8
78 23 1
78 81 10
78 85 9
79 8 5
79 14 10
80 8 7
80 16 5
81 3 10
81 16 3
81 34 10
81 43 7
81 52 5
81 58 9
81 59 2
83 24 3
84 29 2
84 45 9
85 48 2
85 88 6
86 27 5
86 63 2
86 76 4
88 15 2
88 17 2
88 43 8
89 7 10
90 4 7
90 98 7
94 11 9
94 21 7
97 34 3
98 32 6
98 56 4
99 4 6
99 42 2
99 53 2
