100
150
0 2
1 8
2 5
3 1
4 10
5 5
6 9
7 9
8 3
9 5
10 6
11 6
12 2
13 8
14 2
15 2
16 6
17 3
18 8
19 7
20 2
21 5
22 3
23 4
24 3
25 3
26 2
27 7
28 9
29 6
30 8
31 7
32 2
33 9
34 10
35 3
36 8
37 10
38 6
39 5
40 4
41 2
42 3
43 4
44 4
45 5
46 2
47 2
48 4
49 9
50 8
51 5
52 3
53 8
54 8
55 10
56 4
57 2
58 10
59 9
60 7
61 6
62 1
63 3
64 9
65 7
66 1
67 3
68 5
69 9
70 7
71 6
72 1
73 10
74 1
75 1
76 7
77 2
78 4
79 9
80 10
81 4
82 5
83 5
84 7
85 1
86 7
87 7
88 2
89 9
90 5
91 10
92 7
93 4
94 8
95 9
96 9
97 3
98 10
99 2
33 15 10
58 4 1
77 6 4
86 21 6
24 72 1
29 77 4
97 12 7
90 61 7
55 67 6
74 31 3
41 24 7
30 7 2
7 37 8
87 53 4
45 9 10
58 21 9
22 46 7
30 13 9
0 91 3
55 10 10
24 37 9
83 95 2
2 50 2
36 74 1
96 21 9
99 68 5
81 34 4
99 18 9
0 88 8
67 28 4
48 83 8
21 10 8
13 14 10
16 35 2
0 49 10
56 98 4
24 8 5
9 89 3
95 85 4
43 23 8
14 3 9
0 58 9
80 96 9
81 89 9
9 57 3
22 38 3
38 79 1
57 58 2
15 88 7
11 2 5
72 55 9
46 62 7
75 33 10
42 44 7
81 98 3
51 21 10
57 76 3
89 75 3
0 10 4
69 61 9
1 89 6
23 2 6
82 85 9
26 17 8
69 54 2
89 76 10
68 92 6
55 34 10
41 12 6
60 18 4
39 23 10
96 87 10
49 37 7
49 93 6
97 16 7
5 88 3
14 1 7
71 86 4
13 55 6
53 12 9
32 45 4
56 21 9
46 82 2
44 96 3
29 61 6
50 73 7
44 59 3
39 53 5
54 10 6
49 86 4
74 22 9
18 87 6
58 91 3
25 77 5
14 24 5
74 72 10
33 70 8
97 18 8
73 70 4
85 2 1
13 27 3
99 27 6
43 24 4
72 61 2
3 32 6
93 25 2
92 42 3
86 64 1
87 60 4
74 70 1
35 33 2
60 96 8
85 50 1
94 95 5
19 25 7
94 58 3
71 66 9
93 51 5
18 64 10
52 0 8
60 26 1
57 70 6
76 27 4
58 64 10
82 86 6
87 77 5
25 27 10
28 23 1
2 62 4
96 37 2
95 25 5
60 2 7
30 26 2
71 11 8
53 20 1
24 88 4
40 51 3
29 0 4
58 78 6
7 77 1
58 39 4
60 57 5
77 8 4
87 1 1
60 28 4
84 5 1
11 4 6
56 72 1
23 85 7
16 26 8
