50 250
0 20
0 31
0 29
0 19
0 39
0 38
1 8
1 17
1 13
1 6
1 46
1 22
1 10
2 32
2 46
2 29
2 49
2 21
2 37
2 7
2 26
2 8
2 43
3 14
3 38
3 26
3 37
3 22
3 36
3 4
4 9
4 48
4 35
4 45
4 32
4 11
4 49
4 13
4 27
4 18
5 26
5 41
5 40
5 13
5 30
5 35
5 10
5 15
5 14
6 30
6 22
6 42
6 27
6 12
6 28
6 47
6 19
7 49
7 31
7 43
7 12
7 48
8 39
8 37
8 42
8 41
8 27
8 24
8 21
8 26
8 22
8 11
9 15
9 29
9 46
9 47
9 49
9 44
9 27
10 19
10 15
10 16
10 24
10 48
10 38
10 46
10 25
10 12
10 37
10 22
10 31
11 22
11 46
11 39
11 42
11 47
11 13
12 48
12 47
12 13
12 20
12 45
12 49
12 35
12 33
12 36
12 23
13 27
13 22
13 34
13 43
13 31
13 24
13 23
13 41
13 42
13 38
14 16
14 36
14 40
14 48
14 20
14 28
14 23
15 36
15 17
15 23
15 38
15 28
15 24
16 18
16 49
16 29
16 41
16 34
16 45
16 47
16 19
17 20
17 26
17 24
17 23
17 29
18 23
18 33
18 37
18 41
18 24
18 38
18 30
18 45
19 35
19 20
19 34
20 36
20 47
20 27
20 34
20 38
20 45
21 48
21 38
21 45
21 28
21 41
22 30
22 44
22 35
22 38
22 27
22 24
22 37
23 26
23 48
23 40
23 25
23 46
23 33
24 25
24 36
24 33
24 26
25 39
25 49
25 46
25 38
26 39
26 47
26 30
26 41
26 36
26 44
26 42
27 36
27 43
27 45
27 42
27 44
28 47
28 45
28 38
28 43
29 42
29 41
29 46
29 30
29 48
29 45
29 44
30 43
30 45
30 49
30 47
30 46
31 48
31 41
31 34
31 46
31 32
31 45
31 44
32 42
32 40
32 41
33 47
33 46
33 48
34 43
35 46
35 45
35 42
35 47
36 49
36 43
36 42
36 47
37 41
37 38
38 49
38 48
39 47
39 45
41 47
43 49
43 48
44 48
44 45
45 48
46 48
46 49
